4.9993
0.55361
0
0
0
0
0
0
0
0.55361
1.10722
1.66083
2.21444
2.76197
3.30059
3.80546
4.26243
4.66915
3.62594
1.02736
0.501382
3.58472
0.514737
1.54336
0.556622
0.55361
4.80426
2.59914
0.479075
2.06063
0.55361
0.515414
0.591665
3.12061
1.53085
0.546643
4.03272
0.475301
1.00526
1.08448
0.963677
1.98541
2.49798
2.45882
3.88064
2.93336
0.988937
1.48226
1.48337
1.95906
2.94098
2.48708
3.00979
3.42472
3.50743
3.87594
3.11236
3.62007
3.31816
2.86877
1.91779
2.41653
3.76981
4.07634
3.47658
3.81107
4.24818
2.29895
4.13282
4.51469
4.60022
4.86322
4.90849
4.19452
2.41839
4.84333
5.13454
4.46455
2.91103
2.86619
4.47759
2.36039
2.80771
2.30688
3.31645
3.25457
3.72043
3.65998
3.19313
3.67009
3.1882
4.08538
4.78158
4.69014
4.99995
4.79697
4.06757
5.11453
4.97374
5.23512
3.45837
4.85729
4.98449
5.39754
3.95323
3.73468
4.17481
5.28287
5.05885
5.27955
5.07599
5.3018
5.07355
5.29418
5.06779
4.05121
5.29394
4.98677
5.25537
4.89814
5.14284
4.77746
5.01162
4.69559
4.42751
4.29904
4.01867
4.58445
4.1454
4.44822
4.00055
5.56818
5.45011
4.31689
3.88608
3.52345
4.69293
4.49259
4.1919
3.66668
3.97931
3.54413
3.67331
4.79966
3.60094
3.25805
3.07012
4.06403
3.32688
2.90418
2.89571
4.31042
4.70264
4.74429
5.50545
2.43998
2.43593
2.42994
3.34504
4.56362
4.92027
5.03998
5.2383
5.33944
5.52856
5.60123
4.77498
5.37922
5.58187
4.15277
3.70424
3.87203
3.37632
3.57663
3.05915
2.85555
2.53988
2.31063
1.96651
2.28778
3.31427
1.763
2.20389
1.69349
2.19534
1.74199
1.73669
2.1251
2.2956
2.07376
3.58148
1.58926
1.94082
4.19999
1.97311
2.47913
5.44079
5.66371
5.78079
5.81781
5.65093
5.79219
5.55
5.74887
5.89191
5.52063
5.68003
5.80616
3.81289
3.57292
2.05753
5.75865
5.40499
2.11307
2.62474
3.70995
2.60425
5.10674
5.49818
5.22429
1.56764
4.73596
2.2621
4.3065
1.50779
1.80178
2.98933
5.67525
2.6838
5.21958
1.84719
5.41352
4.5653
4.04999
3.86154
2.679
2.60259
1.43427
1.41286
4.35949
3.39205
2.67193
3.67669
4.16446
5.58102
1.8046
2.13626
1.1099
1.36333
1.07177
2.98152
2.81336
4.34324
4.30748
5.60084
4.43387
1.24886
1.50136
2.05308
1.75072
3.75006
5.7966
5.83178
1.24449
2.96528
3.13492
1.51707
1.87668
1.19773
1.51864
0.918793
0.907338
4.99008
4.43759
5.50821
5.70604
5.66934
5.87394
4.7322
5.35444
1.01318
4.23161
2.66573
5.82286
5.72411
4.18429
3.26583
2.10029
5.4373
2.55297
4.12131
1.10843
1.96694
0.546553
3.18828
1.67403
2.0584
1.03591
1.33705
0.55361
1.02226
4.41565
3.07381
1.25749
3.45732
4.46635
1.99644
4.28505
4.54746
3.39326
2.6133
3.94661
3.86109
3.41402
3.07189
4.09105
2.8595
4.03183
5.57683
5.77092
5.87281
5.49318
5.66232
2.90863
2.78053
4.67666
3.68945
4.06613
4.42675
4.44193
4.74223
4.70555
4.37026
5.30717
5.23018
5.42696
2.71021
3.16083
4.54519
4.16293
2.33555
4.94682
3.90494
3.6467
3.14758
3.4017
1.1848
5.24978
5.25642
4.87107
5.07694
3.10848
5.49033
2.70304
3.19855
1.42712
5.46053
5.19535
5.16529
5.73274
5.09011
2.75105
4.85553
1.91412
3.92606
1.42663
2.56781
4.37462
1.50939
5.17619
4.08704
2.086
2.57803
0.997826
5.08644
0.520157
4.48612
3.68269
4.90553
4.47006
0.976147
3.61868
4.56329
4.29012
4.65091
5.78797
4.37574
5.14863
5.86273
4.68698
1.42
1.81135
4.82278
2.29095
3.28523
4.9709
3.01062
0.422907
4.68109
3.44129
4.98717
3.1305
2.87583
3.34808
1.58165
0.988696
5.07149
1.47367
3.17854
4.4363
0.385947
0.687614
5.53013
0.963009
1.06225
4.0362
3.02038
2.78894
4.62234
5.29608
4.58521
4.05727
5.34472
5.55438
4.69166
5.80359
2.00536
3.54653
2.37381
1.3498
5.18126
5.6829
3.09514
4.39782
4.55949
5.00329
3.27274
0.981113
4.38219
3.81788
3.52335
4.92105
4.86248
2.02832
4.80609
2.68104
3.21946
3.27974
0.837085
2.42129
0.866561
1.72567
4.56445
5.69358
3.71141
2.93187
3.60651
2.78378
2.48705
3.64394
4.16134
2.4614
1.60918
3.97956
3.37484
1.50955
2.82772
4.55005
2.54987
2.16925
1.74503
3.65598
3.56537
4.43509
4.06447
3.74107
1.94907
3.17509
3.67584
4.52241
2.71715
1.55893
2.97555
4.52323
2.71952
1.42796
3.17407
1.8436
0.996989
2.12032
3.79328
3.30699
1.36998
2.69775
1.65522
2.25962
4.42022
3.68126
2.37852
3.28101
3.29959
4.82192
2.96515
3.23241
3.25074
4.5228
4.90887
2.55994
3.77475
2.24558
3.31729
2.83951
4.26386
3.94001
1.67592
2.52669
3.07407
4.26175
3.08779
3.08713
3.99773
3.81196
3.21492
3.5687
4.45261
2.68613
4.40432
2.2101
2.43637
3.59862
2.17634
0.813617
4.75399
3.7778
4.05434
1.85718
1.31868
4.23282
1.99649
4.45983
4.81943
0.867798
3.26343
1.06876
5.14187
1.99231
2.00045
4.39727
1.93921
2.49589
2.19676
2.65454
0.800226
3.45114
2.55383
2.70876
4.09575
4.56841
2.98935
5.0819
2.10474
0.962917
2.81316
4.56337
3.36041
4.41989
3.80486
3.96072
3.70535
3.16937
4.91362
1.46424
2.11934
1.66098
5.01862
3.71948
3.29581
3.46718
2.11545
2.38265
3.85097
3.03461
3.00701
3.89504
2.87576
4.22409
3.17433
1.01698
3.83335
5.00057
3.86762
4.35196
2.8467
4.90382
2.3828
3.81094
2.78072
3.89174
1.52155
1.37613
2.49508
5.08253
3.92603
4.18051
3.36595
3.48035
2.11154
3.51452
3.4074
3.656
2.64329
4.08519
2.23484
3.86149
4.5896
1.53979
2.37964
2.69055
2.1541
1.83555
4.43235
1.90507
1.60465
1.39835
3.15151
2.24714
2.16351
4.12357
4.05525
3.31429
3.34406
3.12039
3.95052
5.0952
2.89329
2.80862
4.16969
2.15859
1.01787
2.4491
2.607
4.09916
5.25969
2.9714
3.36784
2.03484
2.62824
3.04472
2.74003
2.68075
3.24849
2.99858
3.24959
0.689433
3.47733
3.36
1.57701
1.52237
3.77723
3.69471
4.23023
2.38895
4.77468
3.79844
3.4706
4.80204
4.57299
3.63803
1.48954
2.87968
4.42059
4.37339
2.97398
4.37518
4.26099
2.11035
1.45878
0.797068
3.55502
2.63545
3.0036
5.09491
4.66275
2.11611
2.07269
4.94762
3.91262
4.45784
3.07886
1.36984
4.92878
4.24084
1.19128
2.78991
3.74935
0.56732
3.8684
2.52593
3.93691
2.2479
1.92371
3.73096
4.2099
3.60971
1.32263
2.70882
4.72773
4.53386
1.91542
2.72839
3.30701
5.22929
3.12954
4.20296
4.97619
4.31075
1.39321
3.60873
1.5433
5.03331
3.8198
1.69833
2.17825
4.77614
1.15294
4.41787
2.76415
4.3767
1.91585
0.649883
4.87912
2.88437
2.3848
1.59932
3.6777
3.06855
2.00511
5.30319
1.74402
3.1499
2.43059
2.67016
1.56908
3.85308
2.7314
4.75237
