4.7881
0.55361
0
0
0
0
0
0
0
0.55361
1.1025
1.64198
2.16745
2.67443
3.15859
3.61581
4.04217
4.43405
3.40955
0.952872
0.514021
3.40308
0.572081
1.44691
0.556622
0.55361
4.61141
2.45889
0.551476
1.95443
0.55361
0.565048
0.591665
2.94035
1.4409
0.546643
3.83861
0.546515
0.993272
1.08002
0.964506
1.85891
2.33466
2.30535
3.65048
2.72349
0.963239
1.47493
1.47975
1.92588
2.74609
2.36159
2.83292
3.19953
3.29176
3.62411
2.96699
3.4267
3.15149
2.73105
1.88483
2.36261
3.59323
3.86022
3.33921
3.55566
3.95946
2.24913
3.90414
4.27787
4.33042
4.62238
4.65607
4.01616
2.36846
4.56974
4.88321
4.2634
2.83674
2.75452
4.40611
2.26571
2.64162
2.17941
3.11059
3.02879
3.45822
3.41238
2.99816
3.40467
3.01144
3.79131
4.63155
4.51582
4.84987
4.55362
3.79393
4.91316
4.67872
4.98561
3.23573
4.61141
4.7315
5.19174
3.68876
3.50391
3.94247
5.02502
4.77438
5.03329
4.78382
5.03011
4.76117
5.01424
4.72685
3.78735
4.97765
4.67167
4.91589
4.59722
4.82491
4.49711
4.72775
4.38917
4.12443
4.00455
3.7149
4.2934
3.88708
4.18915
3.76571
5.27206
5.14288
4.06305
3.66558
3.33281
4.44047
4.19565
3.96779
3.49325
3.87535
3.44322
3.60263
4.43792
3.36934
3.17764
2.98995
3.94349
3.19383
2.79103
2.74399
4.05455
4.44023
4.44902
5.25925
2.34263
2.33801
2.28625
3.12903
4.307
4.66912
4.7876
4.99413
5.09651
5.27685
5.35809
4.51766
5.16588
5.41125
3.84962
3.42272
3.5795
3.11854
3.30787
2.83297
2.63926
2.35448
2.14221
1.81462
2.09389
3.06899
1.6361
2.05421
1.5992
2.08598
1.71428
1.57286
1.95336
2.2314
1.96489
3.27776
1.46978
1.85445
3.92165
1.86567
2.31677
5.16337
5.40793
5.57727
5.611
5.41861
5.59787
5.38999
5.55134
5.76007
5.32243
5.46763
5.67203
3.53111
3.3178
1.93902
5.57007
5.14984
1.96765
2.44286
3.5458
2.416
4.87172
5.20001
4.90181
1.53711
4.44914
2.13861
4.05975
1.42074
1.74627
2.7808
5.41782
2.57295
5.02627
1.76326
5.20181
4.33901
3.76383
3.58158
2.49984
2.46613
1.37492
1.34034
4.14224
3.13808
2.45836
3.42178
3.87645
5.34801
1.79078
2.10042
1.10092
1.28583
1.05513
2.77483
2.64799
4.11948
3.98931
5.42799
4.12763
1.20929
1.49746
2.0244
1.72991
3.50679
5.59473
5.65035
1.16754
2.84371
2.9602
1.51597
1.80269
1.20601
1.44955
0.887407
0.92077
4.83033
4.16382
5.20464
5.4148
5.3921
5.69831
4.49314
5.15979
0.963321
3.93256
2.58786
5.58282
5.45172
3.88414
3.03219
2.03659
5.27874
2.38776
3.88763
1.06021
1.8947
0.546553
2.96295
1.58036
1.94993
0.965784
1.23125
0.55361
0.949996
4.24264
2.92643
1.24651
3.23638
4.15508
1.90345
4.00323
4.27466
3.12613
2.50706
3.72025
3.73353
3.32797
2.98807
3.97027
2.63841
3.73392
5.24187
5.47746
5.73966
5.24495
5.46782
2.7168
2.70176
4.4847
3.54126
3.86864
4.24883
4.19313
4.54296
4.58979
4.25978
5.13607
5.04925
5.22407
2.56641
2.93851
4.24871
3.87594
2.25627
4.65898
3.61006
3.4027
2.91996
3.17016
1.04298
5.12532
4.9578
4.57155
4.79326
2.8698
5.19121
2.50082
2.94986
1.29352
5.1981
4.93467
4.88163
5.51743
4.87467
2.59228
4.55813
1.88701
3.66453
1.41017
2.43492
4.09642
1.42435
5.00741
3.86883
2.02676
2.5201
0.963957
4.87596
0.520157
4.22066
3.51754
4.71457
4.20911
0.955798
3.40926
4.31676
4.01666
4.35008
5.59183
4.13188
4.93861
5.6659
4.42887
1.36277
1.71695
4.48104
2.2432
3.11023
4.82869
2.80239
0.505441
4.42945
3.26744
4.69305
2.89607
2.77531
3.2245
1.56422
0.902748
4.88685
1.46786
2.98833
4.12611
0.474949
0.687614
5.25163
0.891228
1.0516
3.80631
2.77347
2.62073
4.45059
4.9793
4.34751
3.78156
5.12551
5.37813
4.39812
5.5492
1.87304
3.30476
2.2736
1.35868
5.01276
5.40249
2.96801
4.1189
4.26406
4.77455
3.16522
0.940805
4.15689
3.56389
3.23699
4.66008
4.59411
1.96723
4.56789
2.61489
3.01938
3.05197
0.803051
2.28808
0.800162
1.60503
4.23874
5.4322
3.62939
3
3.36925
2.70792
2.31413
3.51628
4.01043
2.31853
1.59693
3.75532
3.23569
1.4953
2.65324
4.38696
2.50695
2.07351
1.75104
3.4369
3.44679
4.2941
3.78427
3.6218
1.76366
2.94232
3.47029
4.41361
2.5151
1.52023
2.70926
4.27939
2.55339
1.32826
2.95496
1.81012
1.01239
1.96184
3.66131
3.17116
1.23804
2.51016
1.54394
2.25891
4.26768
3.54149
2.32853
3.02421
3.23625
4.63543
2.89898
3.00074
3.14156
4.24698
4.79156
2.49832
3.74277
2.19603
3.29145
2.69717
4.03544
3.65226
1.66449
2.4913
2.96434
4.12587
2.95551
2.8732
3.7299
3.54346
3.04953
3.36067
4.37325
2.47205
4.19566
2.00378
2.26242
3.37221
1.99761
0.821044
4.5361
3.65525
3.77632
1.87529
1.18882
4.06822
1.77944
4.26526
4.54179
0.871245
3.04185
1.06408
5.03443
1.81184
1.90512
4.15499
1.85509
2.2812
1.99087
2.38453
0.800226
3.22846
2.36495
2.50652
4.02815
4.28177
2.84699
4.94947
1.99077
0.962917
2.59662
4.4182
3.13327
4.1419
3.64535
3.78601
3.59465
3.10294
4.80119
1.34812
2.03752
1.61504
4.78044
3.48042
3.12034
3.26574
2.12442
2.32055
3.56934
2.93578
2.87334
3.65924
2.63479
4.01345
2.96255
1.01698
3.58926
4.79714
3.71606
4.10782
2.80123
4.66762
2.32584
3.78456
2.70359
3.71708
1.34979
1.26671
2.285
4.91007
3.7182
4.07873
3.14988
3.25192
2.05053
3.40596
3.35945
3.48114
2.44696
3.86381
2.16304
3.70029
4.28529
1.49848
2.40336
2.55201
2.02351
1.65576
4.40166
1.82184
1.53675
1.30584
2.93619
2.06823
2.08412
3.90441
3.83615
3.15707
3.06155
3.07661
3.71603
4.84177
2.78533
2.68246
3.89065
2.0598
1.00617
2.24553
2.50796
3.86275
5.07127
2.78353
3.16405
1.76765
2.4534
2.79031
2.5435
2.4682
3.02168
2.97528
3.19056
0.689433
3.30078
3.2362
1.56738
1.42511
3.54136
3.47953
4.09709
2.29624
4.57449
3.66579
3.20806
4.60435
4.30983
3.42244
1.4326
2.65398
4.11297
4.2251
2.90542
4.13123
4.03671
2.09029
1.45352
0.797068
3.38826
2.53079
2.79881
4.88416
4.36981
1.89571
1.99172
4.6216
3.69565
4.32155
2.89711
1.3646
4.73566
3.9837
1.03012
2.56183
3.60831
0.595448
3.76722
2.31155
3.70762
2.0843
1.76627
3.46935
3.96177
3.55355
1.29925
2.49796
4.47932
4.38326
1.74163
2.71124
3.02812
5.10716
2.89813
4.09652
4.7423
4.13118
1.22726
3.36652
1.45433
4.75853
3.54221
1.49235
2.03997
4.5754
1.03306
4.23248
2.57927
4.20956
1.7326
0.676627
4.68063
2.65312
2.36044
1.5723
3.58296
2.98246
1.8799
5.14745
1.59148
3.10333
2.31092
2.46953
1.49425
3.65412
2.59046
4.56382
